0104
001,005,002,001
001,005,002,002
001,005,002,003
001,005,002,004
001,005,002,005
001,005,002,006
001,005,002,007
001,005,002,008
001,005,002,009
001,005,002,010
001,005,002,011
001,005,002,012
001,005,002,013
001,005,002,014
001,005,002,015
001,005,002,016
001,005,002,017
001,005,002,018
001,005,002,019
001,006,019,015
001,006,020,015
001,006,021,015
001,006,022,015
001,005,026,019
001,005,027,019
001,005,028,019
001,005,029,019
001,005,030,019
001,005,027,018
001,005,028,018
001,005,029,018
001,005,028,017
001,005,480,019
001,005,480,018
001,005,480,017
001,005,480,016
001,005,480,015
001,005,480,014
001,005,480,013
001,005,480,012
001,005,480,011
001,005,480,010
001,005,480,009
001,005,480,008
001,005,480,007
001,005,480,006
001,005,480,005
001,005,480,004
001,005,480,003
001,005,480,002
001,005,480,001
001,005,026,001
001,005,027,002
001,005,028,003
001,005,029,004
001,005,030,005
001,005,031,006
001,005,032,007
001,005,033,008
001,005,034,009
001,005,035,010
001,005,036,011
001,005,037,012
001,005,038,013
001,005,039,014
001,005,040,015
001,005,041,016
001,005,042,017
001,005,043,018
001,005,044,018
001,005,045,018
001,005,046,018
001,005,047,018
001,005,048,018
001,005,049,018
001,005,050,018
001,005,051,018
003,001,01000,040,f
003,001,01050,040,f
003,001,01100,040,f
003,001,01150,040,f
003,001,01200,040,f
003,001,01250,040,f
003,001,01000,080,f
003,001,01050,080,f
003,001,01150,080,f
003,001,01200,080,f
003,001,01250,080,f
003,001,01100,080,f
003,001,01000,120,f
003,001,01050,120,f
003,001,01100,120,f
003,001,01150,120,f
003,001,01200,120,f
003,001,01250,120,f
003,001,00300,400,f
003,001,00350,400,f
003,001,00400,400,f
003,001,00450,400,f
004,002,006
004,030,034
004,052,070
004,100,104
004,150,155